0.00
  0  0.000e+00  0.000e+00  3.000e+04  3.000e+04
  1  1.000e+05  0.000e+00 -3.000e+04 -3.000e+04
  2  2.000e+05  2.000e+05 -3.000e+04  3.000e+04
  3  3.000e+05  4.000e+05  3.000e+04 -3.000e+04

0.10
  0  3.172e+03  3.016e+03  3.391e+04  3.031e+04
  1  9.686e+04 -2.964e+03 -3.316e+04 -2.917e+04
  2  1.970e+05  2.030e+05 -3.027e+04  2.971e+04
  3  3.030e+05  3.970e+05  2.953e+04 -3.085e+04

Elapsed time = 1.370000e-04 seconds
0.00
  0  0.000e+00  0.000e+00  3.000e+04  3.000e+04
  1  1.000e+05  0.000e+00 -3.000e+04 -3.000e+04
  2  2.000e+05  2.000e+05 -3.000e+04  3.000e+04
  3  3.000e+05  4.000e+05  3.000e+04 -3.000e+04

1.00
  0  5.341e+04  2.467e+04  8.847e+04 -1.005e+04
  1  4.984e+04 -1.958e+04 -8.133e+04  2.137e+04
  2  1.692e+05  2.287e+05 -3.115e+04  2.696e+04
  3  3.276e+05  3.662e+05  2.400e+04 -3.828e+04

Elapsed time = 6.320000e-04 seconds
0.00
  0  0.000e+00  0.000e+00  3.000e+04  3.000e+04
  1  1.000e+05  0.000e+00 -3.000e+04 -3.000e+04
  2  2.000e+05  2.000e+05 -3.000e+04  3.000e+04
  3  3.000e+05  4.000e+05  3.000e+04 -3.000e+04

0.05
  0  1.538e+03  1.504e+03  3.190e+04  3.018e+04
  1  9.847e+04 -1.492e+03 -3.152e+04 -2.961e+04
  2  1.985e+05  2.015e+05 -3.014e+04  2.985e+04
  3  3.015e+05  3.985e+05  2.977e+04 -3.043e+04

Elapsed time = 2.640000e-04 seconds
